Date,Open,High,Low,Close,Adj Close,Volume
2022-02-24,23.780001,24.202999,23.650000,24.202999,22.403809,22700
2022-02-25,24.410000,24.580999,24.190001,24.580999,22.753710,26800
2022-02-28,24.670000,24.670000,24.440001,24.598000,22.769445,4100
2022-03-01,24.780001,24.780001,24.219999,24.271999,22.467678,8300
2022-03-02,24.650000,24.709999,24.420000,24.660000,22.826836,14300
2022-03-03,24.770000,24.780001,24.559999,24.584999,22.757412,10700
2022-03-04,24.459999,24.540001,24.320000,24.525000,22.701874,38100
2022-03-07,24.340000,24.340000,24.052000,24.052000,22.264036,7000
2022-03-08,24.150000,24.200001,23.920000,23.934999,22.155731,11300
2022-03-09,24.209999,24.480000,24.209999,24.209999,22.410288,16700
2022-03-10,24.250000,24.365000,24.145000,24.364000,22.552843,12100
2022-03-11,24.580000,24.580000,24.219000,24.219000,22.418621,9000
2022-03-14,24.420000,24.500000,24.205000,24.209999,22.410288,4500
2022-03-15,24.450001,24.690001,24.311001,24.650000,22.817579,9100
2022-03-16,24.969999,25.010000,24.688999,25.000999,23.142488,9700
2022-03-17,25.045000,25.290001,24.969999,25.290001,23.410006,12900
2022-03-18,25.420000,25.540001,25.219999,25.533001,23.634941,10100
2022-03-21,25.730000,25.770000,25.350000,25.629999,23.933764,21500
2022-03-22,25.910000,25.910000,25.299999,25.469999,23.784351,52100
2022-03-23,25.299999,25.559999,25.170000,25.232000,23.562103,11100
2022-03-24,25.350000,25.410000,25.340000,25.395000,23.714317,22300
2022-03-25,25.920000,25.920000,25.219999,25.315001,23.639608,19200
2022-03-28,25.500000,25.500000,25.200001,25.344999,23.667624,22400
2022-03-29,25.700001,25.700001,25.350000,25.440001,23.756340,20200
2022-03-30,25.600000,25.600000,25.420000,25.420000,23.737663,25000
2022-03-31,25.600000,25.600000,25.330000,25.350000,23.672293,13800
2022-04-01,25.590000,25.590000,25.330000,25.379000,23.699375,19500
2022-04-04,25.580000,25.580000,25.379999,25.459999,23.775011,24600
2022-04-05,25.459999,25.549999,25.410000,25.412001,23.730192,26400
2022-04-06,25.350000,25.370001,25.219999,25.341999,23.664822,11000
2022-04-07,25.379999,25.480000,25.261000,25.440001,23.756340,13700
2022-04-08,25.440001,25.539000,25.410000,25.495001,23.807701,13800
2022-04-11,25.400000,25.530001,25.360001,25.370001,23.690971,21900
2022-04-12,25.559999,25.559999,25.315001,25.322001,23.646149,39800
2022-04-13,25.440001,25.559999,25.370001,25.555000,23.863728,22700
2022-04-14,25.549999,25.730000,25.500000,25.500000,23.812366,20400
2022-04-18,25.299999,25.330000,25.200001,25.290001,23.803898,25900
2022-04-19,25.379999,25.480000,25.299999,25.430000,23.935669,15400
2022-04-20,25.545000,25.590000,25.500000,25.510000,24.010969,56900
2022-04-21,25.680000,25.680000,25.350000,25.480000,23.982729,30300
2022-04-22,25.469999,25.469999,24.840000,24.990000,23.521524,34400
2022-04-25,24.690001,25.049999,24.660000,25.049999,23.577997,24500
2022-04-26,25.080000,25.080000,24.530001,24.670000,23.220329,28900
2022-04-27,24.820000,24.900000,24.565001,24.700001,23.248568,54800
2022-04-28,24.799999,25.084999,24.660000,24.980000,23.512112,32200
2022-04-29,25.040001,25.040001,24.400000,24.400000,22.966194,33500
2022-05-02,24.400000,24.479000,24.049999,24.379999,22.947369,69500
2022-05-03,24.670000,24.670000,24.400000,24.480000,23.041492,16000
2022-05-04,24.740000,25.129999,24.500000,25.040001,23.568588,54900
2022-05-05,25.110001,25.110001,24.200001,24.490000,23.050905,45800
2022-05-06,24.600000,24.600000,24.066000,24.330000,22.900307,55500
2022-05-09,24.469999,24.469999,23.910000,23.910000,22.504990,33100
2022-05-10,24.469999,24.469999,23.700001,23.830000,22.429689,51600
2022-05-11,24.049999,24.208000,23.684999,23.700001,22.307331,32900
2022-05-12,23.570000,23.709999,23.260000,23.549999,22.166143,12300
2022-05-13,23.740000,23.950001,23.730000,23.850000,22.448513,26600
2022-05-16,24.080000,24.150000,23.860001,24.010000,22.599112,11800
2022-05-17,24.400000,24.400000,24.059999,24.297001,22.869247,22800
2022-05-18,24.250000,24.250000,23.400000,23.400000,22.024958,28300
2022-05-19,23.500000,23.500000,23.100000,23.250000,21.883772,72200
2022-05-20,23.670000,23.670000,22.830000,23.160000,21.799061,81100
2022-05-23,23.160000,23.290001,23.090000,23.150000,21.948862,35100
2022-05-24,23.400000,23.400000,23.065001,23.242001,22.036087,28100
2022-05-25,23.340000,23.370001,23.170000,23.340000,22.129004,17500
2022-05-26,23.400000,23.500000,23.379999,23.410000,22.195374,30100
2022-05-27,23.600000,23.629999,23.379999,23.379999,22.166927,18900
2022-05-31,23.580000,23.590000,23.410000,23.590000,22.366030,21400
2022-06-01,23.590000,23.600000,23.450001,23.600000,22.375513,24100
2022-06-02,23.533001,23.600000,23.430000,23.537001,22.315784,20200
2022-06-03,23.600000,23.660000,23.565001,23.660000,22.432402,14100
2022-06-06,23.510000,23.670000,23.510000,23.660000,22.432402,17200
2022-06-07,23.670000,23.680000,23.587000,23.629999,22.403955,15300
2022-06-08,23.730000,23.730000,23.610001,23.700001,22.470327,20700
2022-06-09,23.590000,23.690001,23.549999,23.629999,22.403955,10000
2022-06-10,23.500000,23.500000,23.250000,23.379999,22.166927,31300
2022-06-13,23.010000,23.120001,22.795000,22.879999,21.692867,22500
2022-06-14,23.070000,23.459999,22.665001,22.750000,21.569616,52700
2022-06-15,23.170000,23.170000,22.820000,22.950001,21.759241,14200
2022-06-16,22.820000,22.820000,22.410999,22.510000,21.342070,36800
2022-06-17,22.340000,22.690001,22.309999,22.500000,21.332588,24500
2022-06-21,22.629999,22.629999,22.389999,22.450001,21.499220,24100
2022-06-22,22.200001,22.580000,22.200001,22.459999,21.508795,8700
2022-06-23,22.780001,22.780001,22.450001,22.544001,21.589239,12200
2022-06-24,22.709999,22.770000,22.650000,22.680000,21.719479,12100
2022-06-27,22.910000,22.910000,22.690001,22.770000,21.805666,25600
2022-06-28,22.879999,22.879999,22.590000,22.590000,21.633291,411900
2022-06-29,22.790001,22.790001,22.610001,22.709999,21.748205,30400
2022-06-30,23.230000,23.230000,22.500000,22.690001,21.729057,14600
2022-07-01,22.610001,22.790001,22.610001,22.750000,21.786514,17300
2022-07-05,22.840000,22.840000,22.639999,22.719999,21.757784,23100
2022-07-06,22.930000,22.930000,22.750000,22.787001,21.821947,22300
2022-07-07,22.940001,22.940001,22.740000,22.740000,21.776937,22500
2022-07-08,22.760000,22.940001,22.760000,22.940001,21.968468,14700
2022-07-11,23.059999,23.059999,22.855000,22.910000,21.939737,17100
2022-07-12,22.969999,22.969999,22.850000,22.850000,21.882280,17600
2022-07-13,22.990000,22.990000,22.820000,22.820000,21.853550,25100
2022-07-14,22.799999,22.980000,22.794001,22.930000,21.958889,57200
2022-07-15,23.400000,23.400000,22.969999,23.070000,22.092960,58400
2022-07-18,23.230000,23.230000,22.660000,22.660000,21.892967,50700
2022-07-19,22.889999,22.893000,22.760000,22.879999,22.105522,28300
2022-07-20,23.000000,23.049999,22.870001,22.980000,22.202135,41000
2022-07-21,23.000000,23.120001,22.900999,23.080000,22.298752,20700
2022-07-22,23.170000,23.170000,23.030001,23.049999,22.269766,20200
2022-07-25,23.200001,23.200001,23.040001,23.059999,22.279428,29100
2022-07-26,23.129999,23.129999,22.990000,23.000000,22.221458,49500
2022-07-27,23.160000,23.200001,22.969999,23.129999,22.347059,51000
2022-07-28,23.250000,23.299999,23.120001,23.240000,22.453335,33300
2022-07-29,23.030001,23.355000,23.030001,23.250000,22.462997,55800
2022-08-01,23.389999,23.389999,23.270000,23.290001,22.501646,30700
2022-08-02,23.350000,23.350000,23.200001,23.200001,22.414690,19800
2022-08-03,23.340000,23.379999,23.270000,23.270000,22.482323,71500
2022-08-04,23.400000,23.400000,23.299999,23.299999,22.511305,37200
2022-08-05,23.370001,23.379999,23.299999,23.320000,22.530626,20900
2022-08-08,23.420000,23.420000,23.320000,23.385000,22.593430,45900
2022-08-09,23.400000,23.410000,23.330000,23.330000,22.540289,26200
2022-08-10,23.490000,23.490000,23.379999,23.450001,22.656227,64100
2022-08-11,23.490000,23.530001,23.309999,23.450001,22.656227,51200
2022-08-12,23.629999,23.629999,23.450001,23.459999,22.665890,19400
2022-08-15,23.510000,23.510000,23.400000,23.459999,22.665890,42500
2022-08-16,23.500000,23.500000,23.379999,23.459999,22.665890,42100
2022-08-17,23.440001,23.459999,23.350000,23.350000,22.559614,47600
2022-08-18,23.400000,23.469999,23.379999,23.450001,22.656227,16100
2022-08-19,23.430000,23.438999,23.309999,23.420000,22.627243,53500
2022-08-22,23.139999,23.139999,22.830000,22.900000,22.267462,54400
2022-08-23,22.770000,22.900000,22.750000,22.840000,22.209120,53400
2022-08-24,22.670000,22.950001,22.670000,22.950001,22.316082,36200
2022-08-25,22.990000,23.110001,22.809999,23.110001,22.471664,21100
2022-08-26,23.170000,23.170000,22.459999,22.520000,21.897961,39500
2022-08-29,22.340000,22.450001,22.190001,22.250000,21.635416,26600
2022-08-30,22.290001,22.379999,22.000000,22.059999,21.450665,36900
2022-08-31,22.059999,22.280001,21.988001,22.013000,21.404963,16600
2022-09-01,21.770000,22.000000,21.730000,21.990000,21.382597,26400
2022-09-02,22.190001,22.250000,21.750000,21.820000,21.217295,90800
2022-09-06,21.760000,21.920000,21.580000,21.650000,21.051991,18700
2022-09-07,21.540001,22.110001,21.540001,21.940001,21.333981,28300
2022-09-08,21.780001,22.150000,21.780001,22.080000,21.470112,36500
2022-09-09,22.240000,22.440001,22.190001,22.350000,21.732655,28400
2022-09-12,22.580000,22.660000,22.510000,22.530001,21.907682,53100
2022-09-13,22.400000,22.400000,21.660000,21.790001,21.188124,35900
2022-09-14,22.010000,22.084999,21.549999,21.660000,21.061714,52100
2022-09-15,21.660000,21.840000,21.549999,21.660000,21.061714,29300
2022-09-16,21.500000,21.580000,21.202000,21.299999,20.711657,68500
2022-09-19,21.090000,21.379999,21.090000,21.379999,21.001434,27500
2022-09-20,21.379999,21.379999,21.108999,21.139999,20.765682,17000
2022-09-21,21.209999,21.290001,21.049999,21.049999,20.677277,31900
2022-09-22,21.010000,21.059999,20.915001,20.930000,20.559404,24000
2022-09-23,20.920000,20.920000,20.520000,20.719999,20.353121,45100
2022-09-26,20.719999,20.719999,20.459999,20.570000,20.205778,38000
2022-09-27,20.809999,20.809999,20.400000,20.490000,20.127193,29300
2022-09-28,20.660000,20.847000,20.389999,20.840000,20.470997,27300
2022-09-29,20.530001,20.665001,20.434999,20.469999,20.107546,30500
2022-09-30,20.309999,20.629999,20.290001,20.309999,19.950380,51300
2022-10-03,20.559999,20.837000,20.379999,20.660000,20.294184,29700
2022-10-04,21.100000,21.160000,20.990000,21.150000,20.775505,25200
2022-10-05,21.129999,21.240000,20.920000,21.230000,20.854090,24200
2022-10-06,21.200001,21.200001,20.980000,21.017000,20.644861,9200
2022-10-07,20.889999,20.889999,20.559999,20.559999,20.195953,17000
2022-10-10,20.639999,20.719999,20.490000,20.510000,20.146839,194100
2022-10-11,20.540001,20.809999,20.490000,20.600000,20.235245,37300
2022-10-12,20.709999,20.730000,20.580000,20.610001,20.245068,34300
2022-10-13,20.480000,21.177999,20.170000,21.107000,20.733269,50500
2022-10-14,21.160000,21.334999,20.809999,20.860001,20.490643,39000
2022-10-17,21.120001,21.340000,21.120001,21.219999,20.844267,22800
2022-10-18,21.650000,21.650000,21.340000,21.410000,21.030903,36500
2022-10-19,21.520000,21.559999,21.320000,21.389999,21.011257,24100
2022-10-20,21.330000,21.639999,21.320000,21.320000,20.942495,25300
2022-10-21,21.320000,21.910000,21.320000,21.700001,21.315769,14900
2022-10-24,21.690001,21.709999,21.532000,21.600000,21.430861,61100
2022-10-25,21.799999,21.799999,21.590000,21.799999,21.629293,32600
2022-10-26,21.840000,21.860001,21.700001,21.700001,21.530077,81700
2022-10-27,21.950001,21.950001,21.780001,21.889999,21.718588,36500
2022-10-28,22.000000,22.299999,21.850000,22.110001,21.936867,78100
2022-10-31,22.070000,22.139999,21.950001,21.950001,21.778120,33800
2022-11-01,22.150000,22.150000,21.950001,21.950001,21.778120,42700
2022-11-02,22.049999,22.049999,21.850000,21.980000,21.807884,25200
2022-11-03,21.719999,22.040001,21.719999,21.950001,21.778120,25500
2022-11-04,22.150000,22.150000,21.889999,21.997999,21.825743,66500
2022-11-07,22.100000,22.190001,21.940001,22.000000,21.827728,51100
2022-11-08,22.170000,22.170000,22.000000,22.040001,21.867414,77000
2022-11-09,22.000000,22.110001,21.940001,21.940001,21.768198,24600
2022-11-10,22.320000,22.320000,21.950001,22.021000,21.848562,89900
2022-11-11,21.830000,22.080000,21.830000,21.920000,21.748354,73600
2022-11-14,22.000000,22.240000,21.959999,22.080000,21.907101,30400
2022-11-15,22.320000,22.320000,21.959999,21.972000,21.799948,85500
2022-11-16,21.900000,22.129999,21.900000,22.120001,21.946789,48200
2022-11-17,22.110001,22.180000,22.000999,22.115000,21.941828,66900
2022-11-18,22.160000,22.209999,22.049999,22.093000,21.920000,50200
2022-11-21,21.969999,22.049999,21.690001,21.790001,21.790001,39900
2022-11-22,21.870001,22.049999,21.799999,21.959999,21.959999,41500
2022-11-23,22.120001,22.134001,21.910000,22.070000,22.070000,42400
2022-11-25,22.100000,22.170000,22.100000,22.121000,22.121000,14800
2022-11-28,22.110001,22.125000,22.000000,22.000000,22.000000,46100
2022-11-29,22.080000,22.080000,21.900000,21.990000,21.990000,18000
2022-11-30,22.090000,22.202999,21.900000,22.100000,22.100000,33200
2022-12-01,22.010000,22.270000,22.010000,22.250000,22.250000,33000
2022-12-02,22.170000,22.240000,22.090000,22.229000,22.229000,26300
2022-12-05,22.280001,22.309999,22.090000,22.170000,22.170000,38500
2022-12-06,22.270000,22.270000,21.799999,21.920000,21.920000,59100
2022-12-07,22.070000,22.070000,21.889999,21.950001,21.950001,24300
2022-12-08,22.070000,22.139999,21.950001,21.950001,21.950001,38100
2022-12-09,21.850000,22.149000,21.850000,21.900000,21.900000,19600
2022-12-12,22.049999,22.139999,21.990000,22.096001,22.096001,16400
2022-12-13,22.260000,22.480000,22.110001,22.260000,22.260000,18600
2022-12-14,22.320000,22.360001,22.100000,22.309999,22.309999,29700
2022-12-15,21.940001,22.120001,21.830000,21.889999,21.889999,109100
2022-12-16,21.820000,21.980000,21.594999,21.660000,21.660000,54100
2022-12-19,21.940001,21.940001,21.500000,21.520000,21.520000,35200
2022-12-20,21.610001,21.690001,21.520000,21.620001,21.620001,42700
2022-12-21,21.740000,21.889999,21.730000,21.770000,21.770000,32000
2022-12-22,21.860001,21.860001,21.549999,21.719999,21.719999,29800
2022-12-23,21.830000,21.910000,21.629999,21.809999,21.809999,28500
2022-12-27,21.799999,21.879999,21.770000,21.780001,21.780001,21700
2022-12-28,21.990000,22.190001,21.750000,21.760000,21.760000,68300
2022-12-29,21.650000,21.670000,21.600000,21.639999,21.639999,85000
2022-12-30,21.820000,21.820000,21.500000,21.570000,21.570000,42000
2023-01-03,21.540001,21.740000,21.540001,21.600000,21.600000,18600
2023-01-04,21.790001,21.809999,21.650000,21.670000,21.670000,52400
2023-01-05,21.600000,21.700001,21.570000,21.570000,21.570000,20500
2023-01-06,21.639999,21.900000,21.620001,21.820000,21.820000,30600
2023-01-09,21.780001,22.139999,21.629999,21.840000,21.840000,46700
2023-01-10,21.900000,21.930000,21.799999,21.870001,21.870001,40800
2023-01-11,22.010000,22.010000,21.799999,21.850000,21.850000,91200
2023-01-12,22.030001,22.030001,21.799999,21.830000,21.830000,36500
2023-01-13,21.549999,22.079000,21.549999,21.980000,21.980000,43600
2023-01-17,22.070000,22.110001,21.889999,21.950001,21.950001,53300
2023-01-18,22.090000,22.090000,21.900000,21.940001,21.940001,81900
2023-01-19,21.760000,22.000000,21.760000,21.975000,21.975000,67300
2023-01-20,21.950001,22.190001,21.940001,22.049999,22.049999,94900
2023-01-23,21.950001,22.049999,21.900101,22.049999,22.049999,29477